4.691480817909657 -74.049669848851764
4.693514078871130 -74.059947030453117
4.695430990552998 -74.061254195442217
4.711207603727188 -74.060287872621018
4.709363519905264 -74.042178020539183
4.709021355401266 -74.041893057705479
4.693618632799226 -74.045963979591875
4.691480817909657 -74.049669848851764




4.695430990553000 -74.061254195442217
4.697160982039955 -74.074309302109739
4.706225156248216 -74.075497978396058
4.713059748192062 -74.062098907916848
4.711207603727188 -74.060287872621018
4.695430990553000 -74.061254195442217




4.706225156248216 -74.075497978396058
4.711624666851669 -74.085332025593374
4.724111843534412 -74.084774441658936
4.717613543002877 -74.063102830339972
4.713059748192063 -74.062098907916848
4.706225156248216 -74.075497978396058




4.629312789438584 -74.046962654980618
4.636715954749151 -74.073927469010471
4.653617115650917 -74.069707792242724
4.644586619311410 -74.042541501508865
4.629312789438584 -74.046962654980618




4.730188534079685 -74.058072475776569
4.737713477861676 -74.078931384660123
4.744575180383341 -74.079037413370898
4.757781644753043 -74.068651673288556
4.744554387905447 -74.055323798291042
4.730310555711219 -74.057880761589232
4.730188534079685 -74.058072475776569




4.644586619311410 -74.042541501508865
4.653617115650917 -74.069707792242724
4.654920804000295 -74.070329019096974
4.663091022090279 -74.067004097736586
4.666785064844572 -74.058434923613888
4.648062209518517 -74.041535459289037
4.644586619311410 -74.042541501508865




4.673694061943193 -74.056073226576572
4.681777046877942 -74.066163079235835
4.693514078871130 -74.059947030453117
4.691480817909657 -74.049669848851764
4.676568161528750 -74.049873827741635
4.673694061943193 -74.056073226576572




4.690538815168834 -74.080435524333936
4.690693917447461 -74.082174895699424
4.704863022711413 -74.091834182604273
4.711624666851669 -74.085332025593374
4.706225156248217 -74.075497978396058
4.697160982039955 -74.074309302109739
4.690538815168834 -74.080435524333936




4.706696339154047 -74.024563259915340
4.685785236475017 -74.030616174932561
4.693618632799224 -74.045963979591875
4.709021355401267 -74.041893057705479
4.706696339154047 -74.024563259915340




4.582428300576057 -74.088306977183848
4.599272683425726 -74.116911298568738
4.609488269022926 -74.115792224205620
4.617860366323808 -74.095426475099018
4.610394235007021 -74.085008696160642
4.582428300576057 -74.088306977183848




4.664006666683594 -74.127827794157682
4.673508612128971 -74.146401579492661
4.699917538596075 -74.137751315845748
4.698751807945449 -74.131416999148570
4.676263674711813 -74.117040525731085
4.664006666683594 -74.127827794157682




4.680200399373522 -74.072779970337805
4.690538815168835 -74.080435524333936
4.697160982039955 -74.074309302109739
4.695430990553000 -74.061254195442217
4.693514078871129 -74.059947030453117
4.681777046877941 -74.066163079235835
4.680200399373522 -74.072779970337805




4.726604151334641 -74.042019856224357
4.709363519905264 -74.042178020539197
4.711207603727187 -74.060287872621018
4.713059748192063 -74.062098907916848
4.717613543002877 -74.063102830339972
4.730188534079686 -74.058072475776569
4.730310555711219 -74.057880761589232
4.726604151334641 -74.042019856224357




4.654265800981288 -74.116588859206601
4.659687367701351 -74.126284005563008
4.664006666683595 -74.127827794157682
4.676263674711813 -74.117040525731085
4.676727475595190 -74.111520480188943
4.662828155150070 -74.102419895619221
4.654265800981288 -74.116588859206601




4.738101360302614 -74.018675204421925
4.738598742639126 -74.026704041934153
4.748702468549807 -74.039322290878758
4.769365709191583 -74.043403748247925
4.771521496499527 -74.027059078216553
4.738101360302614 -74.018675204421925




4.643301865134263 -74.136821127293985
4.632168611414231 -74.119393555093083
4.619237895332682 -74.122119200087894
4.619853381454070 -74.145448767805206
4.640523284962063 -74.146668335502412
4.643301865134263 -74.136821127293985




4.670615120424021 -74.035007307464753
4.676568161528750 -74.049873827741635
4.691480817909657 -74.049669848851764
4.693618632799225 -74.045963979591875
4.685785236475017 -74.030616174932561
4.670615120424021 -74.035007307464753




4.654920804000295 -74.070329019096974
4.658691141794337 -74.090766342197227
4.660567602096275 -74.091562192609473
4.668676765423040 -74.088569350516096
4.674394796788989 -74.075457106698607
4.663091022090278 -74.067004097736586
4.654920804000295 -74.070329019096974




4.778602187322093 -74.045228161580980
4.772494583249840 -74.027303189624647
4.771521496499527 -74.027059078216553
4.768346400600976 -74.051131905154790
4.776868793226990 -74.058683231481069
4.778602187322093 -74.045228161580980




4.726604151334641 -74.042019856224357
4.730310555711219 -74.057880761589232
4.744554387905447 -74.055323798291042
4.748702468549807 -74.039322290878758
4.738598742639128 -74.026704041934153
4.726604151334641 -74.042019856224357




4.635664928647064 -74.076280246221273
4.636854102279760 -74.082916221911077
4.650417093388930 -74.092133968049396
4.658691141794337 -74.090766342197227
4.654920804000295 -74.070329019096974
4.653617115650916 -74.069707792242724
4.636715954749152 -74.073927469010471
4.635664928647064 -74.076280246221273




4.759204601337848 -74.120442867279053
4.759700390170775 -74.116683913485431
4.744575180383341 -74.079037413370898
4.737713477861677 -74.078931384660123
4.726524628242197 -74.085861087705894
4.729691848503730 -74.108252795593884
4.751026428209709 -74.126170574408448
4.759204601337848 -74.120442867279053




4.660567602096275 -74.091562192609473
4.662828155150068 -74.102419895619221
4.676727475595189 -74.111520480188943
4.686115543016771 -74.102136596791595
4.682768545494414 -74.094281966969021
4.668676765423041 -74.088569350516096
4.660567602096275 -74.091562192609473




4.639302477665692 -74.111085180368249
4.654265800981288 -74.116588859206601
4.662828155150068 -74.102419895619221
4.660567602096275 -74.091562192609473
4.658691141794338 -74.090766342197227
4.650417093388930 -74.092133968049396
4.639078002715454 -74.108269613622923
4.639302477665692 -74.111085180368249




4.575197638697872 -74.181442072504353
4.620966680712779 -74.217259883880615
4.649722473464784 -74.197120329902418
4.609665729988539 -74.161831419940839
4.575197638697872 -74.181442072504353




4.639302477665692 -74.111085180368249
4.632168611414231 -74.119393555093083
4.643301865134263 -74.136821127293985
4.659687367701351 -74.126284005563008
4.654265800981289 -74.116588859206601
4.639302477665692 -74.111085180368249




4.701002748520377 -74.121867101105195
4.698751807945448 -74.131416999148584
4.699917538596075 -74.137751315845748
4.716513921032557 -74.150341930323123
4.751026428209710 -74.126170574408448
4.729691848503730 -74.108252795593884
4.715109389267366 -74.108853244132618
4.701002748520377 -74.121867101105195




4.609665729988540 -74.161831419940839
4.649722473464784 -74.197120329902418
4.659630887454711 -74.190180822440070
4.659320579641071 -74.173177151206488
4.640523284962064 -74.146668335502412
4.619853381454069 -74.145448767805206
4.611316739852025 -74.152775104753587
4.609665729988540 -74.161831419940839




4.701002748520376 -74.121867101105195
4.691247096027724 -74.103512240073826
4.686115543016771 -74.102136596791595
4.676727475595189 -74.111520480188943
4.676263674711813 -74.117040525731085
4.698751807945449 -74.131416999148570
4.701002748520376 -74.121867101105195




4.610394235007022 -74.085008696160642
4.617860366323808 -74.095426475099018
4.625816628129156 -74.095292207383480
4.636854102279760 -74.082916221911077
4.635664928647064 -74.076280246221273
4.614094644754020 -74.076235717964053
4.610394235007022 -74.085008696160642




4.648062209518518 -74.041535459289037
4.666785064844571 -74.058434923613888
4.673694061943193 -74.056073226576572
4.676568161528751 -74.049873827741621
4.670615120424022 -74.035007307464753
4.648062209518518 -74.041535459289037




4.680200399373523 -74.072779970337805
4.674394796788989 -74.075457106698607
4.668676765423040 -74.088569350516096
4.682768545494414 -74.094281966969021
4.690693917447461 -74.082174895699438
4.690538815168834 -74.080435524333936
4.680200399373523 -74.072779970337805




4.587477990178645 -74.131838014847688
4.611316739852025 -74.152775104753587
4.619853381454070 -74.145448767805206
4.619237895332682 -74.122119200087894
4.609488269022926 -74.115792224205620
4.599272683425727 -74.116911298568738
4.587477990178645 -74.131838014847688




4.706696339154046 -74.024563259915340
4.709021355401266 -74.041893057705479
4.709363519905265 -74.042178020539197
4.726604151334641 -74.042019856224357
4.738598742639127 -74.026704041934153
4.738101360302616 -74.018675204421925
4.735938753917911 -74.018132686614990
4.709934821896542 -74.023625850677490
4.706696339154046 -74.024563259915340




4.639302477665692 -74.111085180368249
4.639078002715454 -74.108269613622923
4.625816628129156 -74.095292207383480
4.617860366323808 -74.095426475099018
4.609488269022926 -74.115792224205620
4.619237895332681 -74.122119200087894
4.632168611414231 -74.119393555093083
4.639302477665692 -74.111085180368249




4.748702468549806 -74.039322290878758
4.744554387905447 -74.055323798291042
4.757781644753043 -74.068651673288556
4.766111740291936 -74.068074571645525
4.769365709191583 -74.043403748247925
4.748702468549806 -74.039322290878758




4.717613543002877 -74.063102830339972
4.724111843534411 -74.084774441658936
4.726524628242197 -74.085861087705894
4.737713477861676 -74.078931384660123
4.730188534079685 -74.058072475776569
4.717613543002877 -74.063102830339972




4.625816628129155 -74.095292207383480
4.639078002715455 -74.108269613622923
4.650417093388930 -74.092133968049396
4.636854102279759 -74.082916221911077
4.625816628129155 -74.095292207383480




4.490231753662759 -74.114949703216553
4.554677732282435 -74.165383660418584
4.569240853162026 -74.137111017458807
4.543063340684917 -74.071928367769686
4.501184279127119 -74.084050655364990
4.490231753662759 -74.114949703216553




4.659320579641070 -74.173177151206502
4.659630887454711 -74.190180822440070
4.716513921032557 -74.150341930323123
4.699917538596076 -74.137751315845748
4.673508612128972 -74.146401579492661
4.659320579641070 -74.173177151206502




4.682768545494414 -74.094281966969021
4.686115543016770 -74.102136596791595
4.691247096027722 -74.103512240073826
4.704057902993667 -74.095900232310925
4.704863022711412 -74.091834182604273
4.690693917447462 -74.082174895699424
4.682768545494414 -74.094281966969021




4.543063340684918 -74.071928367769686
4.569240853162026 -74.137111017458807
4.587477990178645 -74.131838014847688
4.599272683425726 -74.116911298568738
4.582428300576057 -74.088306977183848
4.548520361000890 -74.070348782000025
4.543063340684918 -74.071928367769686




4.575197638697872 -74.181442072504353
4.609665729988539 -74.161831419940839
4.611316739852025 -74.152775104753587
4.587477990178644 -74.131838014847688
4.569240853162025 -74.137111017458807
4.554677732282435 -74.165383660418584
4.575197638697872 -74.181442072504353




4.680200399373521 -74.072779970337805
4.681777046877941 -74.066163079235835
4.673694061943193 -74.056073226576572
4.666785064844572 -74.058434923613888
4.663091022090279 -74.067004097736586
4.674394796788990 -74.075457106698607
4.680200399373521 -74.072779970337805




4.704057902993667 -74.095900232310925
4.715109389267367 -74.108853244132618
4.729691848503730 -74.108252795593884
4.726524628242197 -74.085861087705894
4.724111843534412 -74.084774441658936
4.711624666851669 -74.085332025593374
4.704863022711412 -74.091834182604273
4.704057902993667 -74.095900232310925




4.609775562118384 -74.052617888875091
4.614094644754019 -74.076235717964053
4.635664928647064 -74.076280246221273
4.636715954749152 -74.073927469010457
4.629312789438585 -74.046962654980618
4.609775562118384 -74.052617888875091




4.643301865134263 -74.136821127293985
4.640523284962064 -74.146668335502412
4.659320579641071 -74.173177151206488
4.673508612128971 -74.146401579492661
4.664006666683593 -74.127827794157682
4.659687367701351 -74.126284005563008
4.643301865134263 -74.136821127293985




4.548520361000890 -74.070348782000025
4.582428300576058 -74.088306977183848
4.610394235007022 -74.085008696160642
4.614094644754019 -74.076235717964053
4.609775562118383 -74.052617888875091
4.548520361000890 -74.070348782000025




4.759700390170776 -74.116683913485431
4.766111740291936 -74.068074571645525
4.757781644753043 -74.068651673288556
4.744575180383341 -74.079037413370898
4.759700390170776 -74.116683913485431




4.701002748520376 -74.121867101105195
4.715109389267366 -74.108853244132618
4.704057902993667 -74.095900232310925
4.691247096027722 -74.103512240073826
4.701002748520376 -74.121867101105195